,Date,Max temperature,Min temperature,Humidity,Rain,Wind speed,Wind gust speed,Snow
731,2023-02-07,5.0,-0.3,92.9,0,11.9,22.0,0
732,2023-02-08,5.7,0.0,93.3,0,11.5,21.3,0
733,2023-02-09,6.5,0.6,93.2,0,11.4,21.1,0
734,2023-02-10,6.5,0.8,92.3,0,11.9,21.8,0
735,2023-02-11,6.6,0.9,92.3,0,11.1,21.1,0
736,2023-02-12,6.6,1.0,92.2,0,12.2,22.2,0
737,2023-02-13,7.4,1.1,91.7,0,12.7,22.4,0
738,2023-02-14,7.9,1.3,91.5,0,11.9,21.7,0
739,2023-02-15,8.5,1.6,91.6,0,11.3,20.9,0
740,2023-02-16,9.3,2.1,91.3,0,11.1,20.4,0
741,2023-02-17,9.1,2.1,90.1,0,11.5,21.1,0
742,2023-02-18,9.0,2.1,89.7,0,10.6,20.2,0
743,2023-02-19,8.8,1.9,89.3,0,11.5,21.1,0
744,2023-02-20,9.4,1.9,88.4,0,11.9,21.2,0
745,2023-02-21,9.6,1.9,87.7,0,11.0,20.4,0
746,2023-02-22,10.0,1.9,87.4,0,10.3,19.5,0
747,2023-02-23,10.5,2.2,86.6,0,10.0,19.0,0
748,2023-02-24,10.0,2.0,85.0,0,10.3,19.5,0
749,2023-02-25,9.7,1.8,84.2,0,9.3,18.6,0
750,2023-02-26,9.2,1.4,83.2,0,10.1,19.5,0
751,2023-02-27,9.7,1.2,82.0,0,10.4,19.5,0
752,2023-02-28,9.7,1.0,80.9,0,9.5,18.8,0
753,2023-03-01,9.9,1.0,80.3,0,8.8,17.8,0
754,2023-03-02,10.3,1.1,79.2,0,8.4,17.3,0
755,2023-03-03,9.8,0.9,77.4,0,8.8,17.9,0
756,2023-03-04,9.4,0.6,76.4,0,7.8,17.1,0
757,2023-03-05,8.9,0.3,75.4,0,8.7,18.0,0
758,2023-03-06,9.4,0.2,74.1,0,9.0,18.1,0
759,2023-03-07,9.5,0.1,73.2,0,8.2,17.5,0
760,2023-03-08,9.9,0.1,72.8,0,7.6,16.6,0
